[[[ 8.  0. 21. ...  9.  3. 58.]
  [ 0.  0. 85. ...  0.  0.  0.]
  [24. 16. 58. ...  4. 10.  5.]
  ...
  [ 3.  3. 16. ...  0. 18. 12.]
  [ 0.  0. 70. ...  0.  0.  0.]
  [ 0.  0.  0. ...  0.  0.  0.]]

 [[ 3.  0.  3. ...  0.  0.  5.]
  [ 0.  0.  3. ...  0.  0.  0.]
  [ 1.  0.  7. ...  2.  1.  0.]
  ...
  [ 0.  0.  0. ...  0.  0.  0.]
  [ 0.  0.  0. ...  0.  0.  0.]
  [ 0.  0.  0. ...  0.  0.  0.]]

 [[ 2.  0.  3. ...  0.  1.  5.]
  [ 0.  0.  0. ...  0.  0.  0.]
  [ 0.  0.  0. ...  0.  0.  0.]
  ...
  [ 0.  0.  0. ...  0.  0.  0.]
  [ 0.  0.  0. ...  0.  0.  0.]
  [ 0.  0.  0. ...  0.  0.  0.]]

 ...

 [[ 0.  0.  0. ...  0.  0.  0.]
  [ 0.  0.  0. ...  0.  0.  0.]
  [ 0.  0.  0. ...  0.  0.  0.]
  ...
  [ 0.  0.  0. ...  0.  0.  0.]
  [ 0.  0.  0. ...  0.  0.  0.]
  [ 0.  0.  2. ...  0.  0.  0.]]

 [[ 0.  0.  0. ...  0.  0.  0.]
  [ 0.  0.  0. ...  0.  0.  0.]
  [ 0.  0.  0. ...  0.  0.  0.]
  ...
  [ 0.  0.  0. ...  0.  0.  0.]
  [ 0.  0.  1. ...  0.  0.  0.]
  [ 0.  0.  0. ...  0.  0.  0.]]

 [[ 0.  0.  0. ...  0.  0.  0.]
  [ 0.  0.  0. ...  0.  0.  0.]
  [ 0.  0.  0. ...  0.  0.  0.]
  ...
  [ 0.  0.  0. ...  0.  0.  0.]
  [ 0.  0.  0. ...  0.  0.  0.]
  [ 0.  0.  0. ...  0.  0.  0.]]][[[ 8.  0. 21. ...  9.  3. 58.]
  [ 0.  0. 85. ...  0.  0.  0.]
  [24. 16. 58. ...  4. 10.  5.]
  ...
  [ 3.  3. 16. ...  0. 18. 12.]
  [ 0.  0. 70. ...  0.  0.  0.]
  [ 0.  0.  0. ...  0.  0.  0.]]

 [[ 3.  0.  3. ...  0.  0.  5.]
  [ 0.  0.  3. ...  0.  0.  0.]
  [ 1.  0.  7. ...  2.  1.  0.]
  ...
  [ 0.  0.  0. ...  0.  0.  0.]
  [ 0.  0.  0. ...  0.  0.  0.]
  [ 0.  0.  0. ...  0.  0.  0.]]

 [[ 2.  0.  3. ...  0.  1.  5.]
  [ 0.  0.  0. ...  0.  0.  0.]
  [ 0.  0.  0. ...  0.  0.  0.]
  ...
  [ 0.  0.  0. ...  0.  0.  0.]
  [ 0.  0.  0. ...  0.  0.  0.]
  [ 0.  0.  0. ...  0.  0.  0.]]

 ...

 [[ 0.  0.  0. ...  0.  0.  0.]
  [ 0.  0.  0. ...  0.  0.  0.]
  [ 0.  0.  0. ...  0.  0.  0.]
  ...
  [ 0.  0.  0. ...  0.  0.  0.]
  [ 0.  0.  0. ...  0.  0.  0.]
  [ 0.  0.  2. ...  0.  0.  0.]]

 [[ 0.  0.  0. ...  0.  0.  0.]
  [ 0.  0.  0. ...  0.  0.  0.]
  [ 0.  0.  0. ...  0.  0.  0.]
  ...
  [ 0.  0.  0. ...  0.  0.  0.]
  [ 0.  0.  1. ...  0.  0.  0.]
  [ 0.  0.  0. ...  0.  0.  0.]]

 [[ 0.  0.  0. ...  0.  0.  0.]
  [ 0.  0.  0. ...  0.  0.  0.]
  [ 0.  0.  0. ...  0.  0.  0.]
  ...
  [ 0.  0.  0. ...  0.  0.  0.]
  [ 0.  0.  0. ...  0.  0.  0.]
  [ 0.  0.  0. ...  0.  0.  0.]]][[[ 8.  0. 21. ...  9.  3. 58.]
  [ 0.  0. 85. ...  0.  0.  0.]
  [24. 16. 58. ...  4. 10.  5.]
  ...
  [ 3.  3. 16. ...  0. 18. 12.]
  [ 0.  0. 70. ...  0.  0.  0.]
  [ 0.  0.  0. ...  0.  0.  0.]]

 [[ 3.  0.  3. ...  0.  0.  5.]
  [ 0.  0.  3. ...  0.  0.  0.]
  [ 1.  0.  7. ...  2.  1.  0.]
  ...
  [ 0.  0.  0. ...  0.  0.  0.]
  [ 0.  0.  0. ...  0.  0.  0.]
  [ 0.  0.  0. ...  0.  0.  0.]]

 [[ 2.  0.  3. ...  0.  1.  5.]
  [ 0.  0.  0. ...  0.  0.  0.]
  [ 0.  0.  0. ...  0.  0.  0.]
  ...
  [ 0.  0.  0. ...  0.  0.  0.]
  [ 0.  0.  0. ...  0.  0.  0.]
  [ 0.  0.  0. ...  0.  0.  0.]]

 ...

 [[ 0.  0.  0. ...  0.  0.  0.]
  [ 0.  0.  0. ...  0.  0.  0.]
  [ 0.  0.  0. ...  0.  0.  0.]
  ...
  [ 0.  0.  0. ...  0.  0.  0.]
  [ 0.  0.  0. ...  0.  0.  0.]
  [ 0.  0.  2. ...  0.  0.  0.]]

 [[ 0.  0.  0. ...  0.  0.  0.]
  [ 0.  0.  0. ...  0.  0.  0.]
  [ 0.  0.  0. ...  0.  0.  0.]
  ...
  [ 0.  0.  0. ...  0.  0.  0.]
  [ 0.  0.  1. ...  0.  0.  0.]
  [ 0.  0.  0. ...  0.  0.  0.]]

 [[ 0.  0.  0. ...  0.  0.  0.]
  [ 0.  0.  0. ...  0.  0.  0.]
  [ 0.  0.  0. ...  0.  0.  0.]
  ...
  [ 0.  0.  0. ...  0.  0.  0.]
  [ 0.  0.  0. ...  0.  0.  0.]
  [ 0.  0.  0. ...  0.  0.  0.]]][[[ 8.  0. 21. ...  9.  3. 58.]
  [ 0.  0. 85. ...  0.  0.  0.]
  [24. 16. 58. ...  4. 10.  5.]
  ...
  [ 3.  3. 16. ...  0. 18. 12.]
  [ 0.  0. 70. ...  0.  0.  0.]
  [ 0.  0.  0. ...  0.  0.  0.]]

 [[ 3.  0.  3. ...  0.  0.  5.]
  [ 0.  0.  3. ...  0.  0.  0.]
  [ 1.  0.  7. ...  2.  1.  0.]
  ...
  [ 0.  0.  0. ...  0.  0.  0.]
  [ 0.  0.  0. ...  0.  0.  0.]
  [ 0.  0.  0. ...  0.  0.  0.]]

 [[ 2.  0.  3. ...  0.  1.  5.]
  [ 0.  0.  0. ...  0.  0.  0.]
  [ 0.  0.  0. ...  0.  0.  0.]
  ...
  [ 0.  0.  0. ...  0.  0.  0.]
  [ 0.  0.  0. ...  0.  0.  0.]
  [ 0.  0.  0. ...  0.  0.  0.]]

 ...

 [[ 0.  0.  0. ...  0.  0.  0.]
  [ 0.  0.  0. ...  0.  0.  0.]
  [ 0.  0.  0. ...  0.  0.  0.]
  ...
  [ 0.  0.  0. ...  0.  0.  0.]
  [ 0.  0.  0. ...  0.  0.  0.]
  [ 0.  0.  2. ...  0.  0.  0.]]

 [[ 0.  0.  0. ...  0.  0.  0.]
  [ 0.  0.  0. ...  0.  0.  0.]
  [ 0.  0.  0. ...  0.  0.  0.]
  ...
  [ 0.  0.  0. ...  0.  0.  0.]
  [ 0.  0.  1. ...  0.  0.  0.]
  [ 0.  0.  0. ...  0.  0.  0.]]

 [[ 0.  0.  0. ...  0.  0.  0.]
  [ 0.  0.  0. ...  0.  0.  0.]
  [ 0.  0.  0. ...  0.  0.  0.]
  ...
  [ 0.  0.  0. ...  0.  0.  0.]
  [ 0.  0.  0. ...  0.  0.  0.]
  [ 0.  0.  0. ...  0.  0.  0.]]][[[ 8.  0. 21. ...  9.  3. 58.]
  [ 0.  0. 85. ...  0.  0.  0.]
  [24. 16. 58. ...  4. 10.  5.]
  ...
  [ 3.  3. 16. ...  0. 18. 12.]
  [ 0.  0. 70. ...  0.  0.  0.]
  [ 0.  0.  0. ...  0.  0.  0.]]

 [[ 3.  0.  3. ...  0.  0.  5.]
  [ 0.  0.  3. ...  0.  0.  0.]
  [ 1.  0.  7. ...  2.  1.  0.]
  ...
  [ 0.  0.  0. ...  0.  0.  0.]
  [ 0.  0.  0. ...  0.  0.  0.]
  [ 0.  0.  0. ...  0.  0.  0.]]

 [[ 2.  0.  3. ...  0.  1.  5.]
  [ 0.  0.  0. ...  0.  0.  0.]
  [ 0.  0.  0. ...  0.  0.  0.]
  ...
  [ 0.  0.  0. ...  0.  0.  0.]
  [ 0.  0.  0. ...  0.  0.  0.]
  [ 0.  0.  0. ...  0.  0.  0.]]

 ...

 [[ 0.  0.  0. ...  0.  0.  0.]
  [ 0.  0.  0. ...  0.  0.  0.]
  [ 0.  0.  0. ...  0.  0.  0.]
  ...
  [ 0.  0.  0. ...  0.  0.  0.]
  [ 0.  0.  0. ...  0.  0.  0.]
  [ 0.  0.  2. ...  0.  0.  0.]]

 [[ 0.  0.  0. ...  0.  0.  0.]
  [ 0.  0.  0. ...  0.  0.  0.]
  [ 0.  0.  0. ...  0.  0.  0.]
  ...
  [ 0.  0.  0. ...  0.  0.  0.]
  [ 0.  0.  1. ...  0.  0.  0.]
  [ 0.  0.  0. ...  0.  0.  0.]]

 [[ 0.  0.  0. ...  0.  0.  0.]
  [ 0.  0.  0. ...  0.  0.  0.]
  [ 0.  0.  0. ...  0.  0.  0.]
  ...
  [ 0.  0.  0. ...  0.  0.  0.]
  [ 0.  0.  0. ...  0.  0.  0.]
  [ 0.  0.  0. ...  0.  0.  0.]]]