[[[0.         0.         0.         ... 0.         0.         0.02923795]
  [0.00995334 0.01088647 0.         ... 0.01150855 0.00311042 0.00031104]
  [0.00062208 0.00062208 0.00062208 ... 0.00124417 0.00031104 0.02488336]
  ...
  [0.00311042 0.00186625 0.00062208 ... 0.01150855 0.         0.        ]
  [0.01026439 0.00808709 0.         ... 0.00559876 0.00217729 0.        ]
  [0.         0.         0.         ... 0.         0.         0.        ]]

 [[0.         0.         0.         ... 0.         0.         0.00279938]
  [0.00031104 0.00062208 0.         ... 0.00031104 0.         0.00031104]
  [0.00031104 0.00062208 0.00062208 ... 0.00062208 0.00031104 0.00031104]
  ...
  [0.         0.         0.         ... 0.         0.         0.        ]
  [0.         0.         0.         ... 0.         0.         0.        ]
  [0.         0.         0.         ... 0.         0.         0.        ]]

 [[0.         0.         0.         ... 0.         0.         0.00279938]
  [0.         0.         0.         ... 0.         0.         0.        ]
  [0.         0.         0.         ... 0.         0.         0.        ]
  ...
  [0.         0.         0.         ... 0.         0.         0.        ]
  [0.         0.         0.         ... 0.         0.         0.        ]
  [0.         0.         0.         ... 0.         0.         0.        ]]

 ...

 [[0.         0.         0.         ... 0.         0.         0.        ]
  [0.         0.         0.         ... 0.         0.         0.        ]
  [0.         0.         0.         ... 0.         0.         0.        ]
  ...
  [0.         0.         0.         ... 0.         0.         0.        ]
  [0.         0.         0.         ... 0.         0.         0.        ]
  [0.00062208 0.         0.         ... 0.00062208 0.         0.        ]]

 [[0.         0.         0.         ... 0.         0.         0.        ]
  [0.         0.         0.         ... 0.         0.         0.        ]
  [0.         0.         0.         ... 0.         0.         0.        ]
  ...
  [0.         0.         0.         ... 0.         0.         0.        ]
  [0.         0.00031104 0.         ... 0.         0.         0.        ]
  [0.         0.         0.         ... 0.         0.         0.        ]]

 [[0.         0.         0.         ... 0.         0.         0.        ]
  [0.         0.         0.         ... 0.         0.         0.        ]
  [0.         0.         0.         ... 0.         0.         0.        ]
  ...
  [0.         0.         0.         ... 0.         0.         0.        ]
  [0.         0.         0.         ... 0.         0.         0.        ]
  [0.         0.         0.         ... 0.         0.         0.        ]]][[[0.         0.         0.         ... 0.         0.         0.02923795]
  [0.00995334 0.01088647 0.         ... 0.01150855 0.00311042 0.00031104]
  [0.00062208 0.00062208 0.00062208 ... 0.00124417 0.00031104 0.02488336]
  ...
  [0.00311042 0.00186625 0.00062208 ... 0.01150855 0.         0.        ]
  [0.01026439 0.00808709 0.         ... 0.00559876 0.00217729 0.        ]
  [0.         0.         0.         ... 0.         0.         0.        ]]

 [[0.         0.         0.         ... 0.         0.         0.00279938]
  [0.00031104 0.00062208 0.         ... 0.00031104 0.         0.00031104]
  [0.00031104 0.00062208 0.00062208 ... 0.00062208 0.00031104 0.00031104]
  ...
  [0.         0.         0.         ... 0.         0.         0.        ]
  [0.         0.         0.         ... 0.         0.         0.        ]
  [0.         0.         0.         ... 0.         0.         0.        ]]

 [[0.         0.         0.         ... 0.         0.         0.00279938]
  [0.         0.         0.         ... 0.         0.         0.        ]
  [0.         0.         0.         ... 0.         0.         0.        ]
  ...
  [0.         0.         0.         ... 0.         0.         0.        ]
  [0.         0.         0.         ... 0.         0.         0.        ]
  [0.         0.         0.         ... 0.         0.         0.        ]]

 ...

 [[0.         0.         0.         ... 0.         0.         0.        ]
  [0.         0.         0.         ... 0.         0.         0.        ]
  [0.         0.         0.         ... 0.         0.         0.        ]
  ...
  [0.         0.         0.         ... 0.         0.         0.        ]
  [0.         0.         0.         ... 0.         0.         0.        ]
  [0.00062208 0.         0.         ... 0.00062208 0.         0.        ]]

 [[0.         0.         0.         ... 0.         0.         0.        ]
  [0.         0.         0.         ... 0.         0.         0.        ]
  [0.         0.         0.         ... 0.         0.         0.        ]
  ...
  [0.         0.         0.         ... 0.         0.         0.        ]
  [0.         0.00031104 0.         ... 0.         0.         0.        ]
  [0.         0.         0.         ... 0.         0.         0.        ]]

 [[0.         0.         0.         ... 0.         0.         0.        ]
  [0.         0.         0.         ... 0.         0.         0.        ]
  [0.         0.         0.         ... 0.         0.         0.        ]
  ...
  [0.         0.         0.         ... 0.         0.         0.        ]
  [0.         0.         0.         ... 0.         0.         0.        ]
  [0.         0.         0.         ... 0.         0.         0.        ]]][[[0.         0.         0.         ... 0.         0.         0.02923795]
  [0.00995334 0.01088647 0.         ... 0.01150855 0.00311042 0.00031104]
  [0.00062208 0.00062208 0.00062208 ... 0.00124417 0.00031104 0.02488336]
  ...
  [0.00311042 0.00186625 0.00062208 ... 0.01150855 0.         0.        ]
  [0.01026439 0.00808709 0.         ... 0.00559876 0.00217729 0.        ]
  [0.         0.         0.         ... 0.         0.         0.        ]]

 [[0.         0.         0.         ... 0.         0.         0.00279938]
  [0.00031104 0.00062208 0.         ... 0.00031104 0.         0.00031104]
  [0.00031104 0.00062208 0.00062208 ... 0.00062208 0.00031104 0.00031104]
  ...
  [0.         0.         0.         ... 0.         0.         0.        ]
  [0.         0.         0.         ... 0.         0.         0.        ]
  [0.         0.         0.         ... 0.         0.         0.        ]]

 [[0.         0.         0.         ... 0.         0.         0.00279938]
  [0.         0.         0.         ... 0.         0.         0.        ]
  [0.         0.         0.         ... 0.         0.         0.        ]
  ...
  [0.         0.         0.         ... 0.         0.         0.        ]
  [0.         0.         0.         ... 0.         0.         0.        ]
  [0.         0.         0.         ... 0.         0.         0.        ]]

 ...

 [[0.         0.         0.         ... 0.         0.         0.        ]
  [0.         0.         0.         ... 0.         0.         0.        ]
  [0.         0.         0.         ... 0.         0.         0.        ]
  ...
  [0.         0.         0.         ... 0.         0.         0.        ]
  [0.         0.         0.         ... 0.         0.         0.        ]
  [0.00062208 0.         0.         ... 0.00062208 0.         0.        ]]

 [[0.         0.         0.         ... 0.         0.         0.        ]
  [0.         0.         0.         ... 0.         0.         0.        ]
  [0.         0.         0.         ... 0.         0.         0.        ]
  ...
  [0.         0.         0.         ... 0.         0.         0.        ]
  [0.         0.00031104 0.         ... 0.         0.         0.        ]
  [0.         0.         0.         ... 0.         0.         0.        ]]

 [[0.         0.         0.         ... 0.         0.         0.        ]
  [0.         0.         0.         ... 0.         0.         0.        ]
  [0.         0.         0.         ... 0.         0.         0.        ]
  ...
  [0.         0.         0.         ... 0.         0.         0.        ]
  [0.         0.         0.         ... 0.         0.         0.        ]
  [0.         0.         0.         ... 0.         0.         0.        ]]]