[[[ 0.  0.  0. ...  0.  0. 94.]
  [32. 35.  0. ... 37. 10.  1.]
  [ 2.  2.  2. ...  4.  1. 80.]
  ...
  [10.  6.  2. ... 37.  0.  0.]
  [33. 26.  0. ... 18.  7.  0.]
  [ 0.  0.  0. ...  0.  0.  0.]]

 [[ 0.  0.  0. ...  0.  0.  9.]
  [ 1.  2.  0. ...  1.  0.  1.]
  [ 1.  2.  2. ...  2.  1.  1.]
  ...
  [ 0.  0.  0. ...  0.  0.  0.]
  [ 0.  0.  0. ...  0.  0.  0.]
  [ 0.  0.  0. ...  0.  0.  0.]]

 [[ 0.  0.  0. ...  0.  0.  9.]
  [ 0.  0.  0. ...  0.  0.  0.]
  [ 0.  0.  0. ...  0.  0.  0.]
  ...
  [ 0.  0.  0. ...  0.  0.  0.]
  [ 0.  0.  0. ...  0.  0.  0.]
  [ 0.  0.  0. ...  0.  0.  0.]]

 ...

 [[ 0.  0.  0. ...  0.  0.  0.]
  [ 0.  0.  0. ...  0.  0.  0.]
  [ 0.  0.  0. ...  0.  0.  0.]
  ...
  [ 0.  0.  0. ...  0.  0.  0.]
  [ 0.  0.  0. ...  0.  0.  0.]
  [ 2.  0.  0. ...  2.  0.  0.]]

 [[ 0.  0.  0. ...  0.  0.  0.]
  [ 0.  0.  0. ...  0.  0.  0.]
  [ 0.  0.  0. ...  0.  0.  0.]
  ...
  [ 0.  0.  0. ...  0.  0.  0.]
  [ 0.  1.  0. ...  0.  0.  0.]
  [ 0.  0.  0. ...  0.  0.  0.]]

 [[ 0.  0.  0. ...  0.  0.  0.]
  [ 0.  0.  0. ...  0.  0.  0.]
  [ 0.  0.  0. ...  0.  0.  0.]
  ...
  [ 0.  0.  0. ...  0.  0.  0.]
  [ 0.  0.  0. ...  0.  0.  0.]
  [ 0.  0.  0. ...  0.  0.  0.]]][[[ 0.  0.  0. ...  0.  0. 94.]
  [32. 35.  0. ... 37. 10.  1.]
  [ 2.  2.  2. ...  4.  1. 80.]
  ...
  [10.  6.  2. ... 37.  0.  0.]
  [33. 26.  0. ... 18.  7.  0.]
  [ 0.  0.  0. ...  0.  0.  0.]]

 [[ 0.  0.  0. ...  0.  0.  9.]
  [ 1.  2.  0. ...  1.  0.  1.]
  [ 1.  2.  2. ...  2.  1.  1.]
  ...
  [ 0.  0.  0. ...  0.  0.  0.]
  [ 0.  0.  0. ...  0.  0.  0.]
  [ 0.  0.  0. ...  0.  0.  0.]]

 [[ 0.  0.  0. ...  0.  0.  9.]
  [ 0.  0.  0. ...  0.  0.  0.]
  [ 0.  0.  0. ...  0.  0.  0.]
  ...
  [ 0.  0.  0. ...  0.  0.  0.]
  [ 0.  0.  0. ...  0.  0.  0.]
  [ 0.  0.  0. ...  0.  0.  0.]]

 ...

 [[ 0.  0.  0. ...  0.  0.  0.]
  [ 0.  0.  0. ...  0.  0.  0.]
  [ 0.  0.  0. ...  0.  0.  0.]
  ...
  [ 0.  0.  0. ...  0.  0.  0.]
  [ 0.  0.  0. ...  0.  0.  0.]
  [ 2.  0.  0. ...  2.  0.  0.]]

 [[ 0.  0.  0. ...  0.  0.  0.]
  [ 0.  0.  0. ...  0.  0.  0.]
  [ 0.  0.  0. ...  0.  0.  0.]
  ...
  [ 0.  0.  0. ...  0.  0.  0.]
  [ 0.  1.  0. ...  0.  0.  0.]
  [ 0.  0.  0. ...  0.  0.  0.]]

 [[ 0.  0.  0. ...  0.  0.  0.]
  [ 0.  0.  0. ...  0.  0.  0.]
  [ 0.  0.  0. ...  0.  0.  0.]
  ...
  [ 0.  0.  0. ...  0.  0.  0.]
  [ 0.  0.  0. ...  0.  0.  0.]
  [ 0.  0.  0. ...  0.  0.  0.]]][[[ 0.  0.  0. ...  0.  0. 94.]
  [32. 35.  0. ... 37. 10.  1.]
  [ 2.  2.  2. ...  4.  1. 80.]
  ...
  [10.  6.  2. ... 37.  0.  0.]
  [33. 26.  0. ... 18.  7.  0.]
  [ 0.  0.  0. ...  0.  0.  0.]]

 [[ 0.  0.  0. ...  0.  0.  9.]
  [ 1.  2.  0. ...  1.  0.  1.]
  [ 1.  2.  2. ...  2.  1.  1.]
  ...
  [ 0.  0.  0. ...  0.  0.  0.]
  [ 0.  0.  0. ...  0.  0.  0.]
  [ 0.  0.  0. ...  0.  0.  0.]]

 [[ 0.  0.  0. ...  0.  0.  9.]
  [ 0.  0.  0. ...  0.  0.  0.]
  [ 0.  0.  0. ...  0.  0.  0.]
  ...
  [ 0.  0.  0. ...  0.  0.  0.]
  [ 0.  0.  0. ...  0.  0.  0.]
  [ 0.  0.  0. ...  0.  0.  0.]]

 ...

 [[ 0.  0.  0. ...  0.  0.  0.]
  [ 0.  0.  0. ...  0.  0.  0.]
  [ 0.  0.  0. ...  0.  0.  0.]
  ...
  [ 0.  0.  0. ...  0.  0.  0.]
  [ 0.  0.  0. ...  0.  0.  0.]
  [ 2.  0.  0. ...  2.  0.  0.]]

 [[ 0.  0.  0. ...  0.  0.  0.]
  [ 0.  0.  0. ...  0.  0.  0.]
  [ 0.  0.  0. ...  0.  0.  0.]
  ...
  [ 0.  0.  0. ...  0.  0.  0.]
  [ 0.  1.  0. ...  0.  0.  0.]
  [ 0.  0.  0. ...  0.  0.  0.]]

 [[ 0.  0.  0. ...  0.  0.  0.]
  [ 0.  0.  0. ...  0.  0.  0.]
  [ 0.  0.  0. ...  0.  0.  0.]
  ...
  [ 0.  0.  0. ...  0.  0.  0.]
  [ 0.  0.  0. ...  0.  0.  0.]
  [ 0.  0.  0. ...  0.  0.  0.]]]