[[[0.         0.         0.         ... 0.         0.         1.        ]
  [0.27826087 0.30434783 0.         ... 0.32173913 0.08695652 0.00869565]
  [0.02197802 0.02197802 0.02197802 ... 0.04395604 0.01098901 0.87912088]
  ...
  [0.18181818 0.10909091 0.03636364 ... 0.67272727 0.         0.        ]
  [0.39285714 0.30952381 0.         ... 0.21428571 0.08333333 0.        ]
  [0.         0.         0.         ... 0.         0.         0.        ]]

 [[0.         0.         0.         ... 0.         0.         1.        ]
  [0.2        0.4        0.         ... 0.2        0.         0.2       ]
  [0.11111111 0.22222222 0.22222222 ... 0.22222222 0.11111111 0.11111111]
  ...
  [0.         0.         0.         ... 0.         0.         0.        ]
  [0.         0.         0.         ... 0.         0.         0.        ]
  [0.         0.         0.         ... 0.         0.         0.        ]]

 [[0.         0.         0.         ... 0.         0.         1.        ]
  [0.         0.         0.         ... 0.         0.         0.        ]
  [0.         0.         0.         ... 0.         0.         0.        ]
  ...
  [0.         0.         0.         ... 0.         0.         0.        ]
  [0.         0.         0.         ... 0.         0.         0.        ]
  [0.         0.         0.         ... 0.         0.         0.        ]]

 ...

 [[0.         0.         0.         ... 0.         0.         0.        ]
  [0.         0.         0.         ... 0.         0.         0.        ]
  [0.         0.         0.         ... 0.         0.         0.        ]
  ...
  [0.         0.         0.         ... 0.         0.         0.        ]
  [0.         0.         0.         ... 0.         0.         0.        ]
  [0.5        0.         0.         ... 0.5        0.         0.        ]]

 [[0.         0.         0.         ... 0.         0.         0.        ]
  [0.         0.         0.         ... 0.         0.         0.        ]
  [0.         0.         0.         ... 0.         0.         0.        ]
  ...
  [0.         0.         0.         ... 0.         0.         0.        ]
  [0.         1.         0.         ... 0.         0.         0.        ]
  [0.         0.         0.         ... 0.         0.         0.        ]]

 [[0.         0.         0.         ... 0.         0.         0.        ]
  [0.         0.         0.         ... 0.         0.         0.        ]
  [0.         0.         0.         ... 0.         0.         0.        ]
  ...
  [0.         0.         0.         ... 0.         0.         0.        ]
  [0.         0.         0.         ... 0.         0.         0.        ]
  [0.         0.         0.         ... 0.         0.         0.        ]]][[[0.         0.         0.         ... 0.         0.         1.        ]
  [0.27826087 0.30434783 0.         ... 0.32173913 0.08695652 0.00869565]
  [0.02197802 0.02197802 0.02197802 ... 0.04395604 0.01098901 0.87912088]
  ...
  [0.18181818 0.10909091 0.03636364 ... 0.67272727 0.         0.        ]
  [0.39285714 0.30952381 0.         ... 0.21428571 0.08333333 0.        ]
  [0.         0.         0.         ... 0.         0.         0.        ]]

 [[0.         0.         0.         ... 0.         0.         1.        ]
  [0.2        0.4        0.         ... 0.2        0.         0.2       ]
  [0.11111111 0.22222222 0.22222222 ... 0.22222222 0.11111111 0.11111111]
  ...
  [0.         0.         0.         ... 0.         0.         0.        ]
  [0.         0.         0.         ... 0.         0.         0.        ]
  [0.         0.         0.         ... 0.         0.         0.        ]]

 [[0.         0.         0.         ... 0.         0.         1.        ]
  [0.         0.         0.         ... 0.         0.         0.        ]
  [0.         0.         0.         ... 0.         0.         0.        ]
  ...
  [0.         0.         0.         ... 0.         0.         0.        ]
  [0.         0.         0.         ... 0.         0.         0.        ]
  [0.         0.         0.         ... 0.         0.         0.        ]]

 ...

 [[0.         0.         0.         ... 0.         0.         0.        ]
  [0.         0.         0.         ... 0.         0.         0.        ]
  [0.         0.         0.         ... 0.         0.         0.        ]
  ...
  [0.         0.         0.         ... 0.         0.         0.        ]
  [0.         0.         0.         ... 0.         0.         0.        ]
  [0.5        0.         0.         ... 0.5        0.         0.        ]]

 [[0.         0.         0.         ... 0.         0.         0.        ]
  [0.         0.         0.         ... 0.         0.         0.        ]
  [0.         0.         0.         ... 0.         0.         0.        ]
  ...
  [0.         0.         0.         ... 0.         0.         0.        ]
  [0.         1.         0.         ... 0.         0.         0.        ]
  [0.         0.         0.         ... 0.         0.         0.        ]]

 [[0.         0.         0.         ... 0.         0.         0.        ]
  [0.         0.         0.         ... 0.         0.         0.        ]
  [0.         0.         0.         ... 0.         0.         0.        ]
  ...
  [0.         0.         0.         ... 0.         0.         0.        ]
  [0.         0.         0.         ... 0.         0.         0.        ]
  [0.         0.         0.         ... 0.         0.         0.        ]]][[[0.         0.         0.         ... 0.         0.         1.        ]
  [0.27826087 0.30434783 0.         ... 0.32173913 0.08695652 0.00869565]
  [0.02197802 0.02197802 0.02197802 ... 0.04395604 0.01098901 0.87912088]
  ...
  [0.18181818 0.10909091 0.03636364 ... 0.67272727 0.         0.        ]
  [0.39285714 0.30952381 0.         ... 0.21428571 0.08333333 0.        ]
  [0.         0.         0.         ... 0.         0.         0.        ]]

 [[0.         0.         0.         ... 0.         0.         1.        ]
  [0.2        0.4        0.         ... 0.2        0.         0.2       ]
  [0.11111111 0.22222222 0.22222222 ... 0.22222222 0.11111111 0.11111111]
  ...
  [0.         0.         0.         ... 0.         0.         0.        ]
  [0.         0.         0.         ... 0.         0.         0.        ]
  [0.         0.         0.         ... 0.         0.         0.        ]]

 [[0.         0.         0.         ... 0.         0.         1.        ]
  [0.         0.         0.         ... 0.         0.         0.        ]
  [0.         0.         0.         ... 0.         0.         0.        ]
  ...
  [0.         0.         0.         ... 0.         0.         0.        ]
  [0.         0.         0.         ... 0.         0.         0.        ]
  [0.         0.         0.         ... 0.         0.         0.        ]]

 ...

 [[0.         0.         0.         ... 0.         0.         0.        ]
  [0.         0.         0.         ... 0.         0.         0.        ]
  [0.         0.         0.         ... 0.         0.         0.        ]
  ...
  [0.         0.         0.         ... 0.         0.         0.        ]
  [0.         0.         0.         ... 0.         0.         0.        ]
  [0.5        0.         0.         ... 0.5        0.         0.        ]]

 [[0.         0.         0.         ... 0.         0.         0.        ]
  [0.         0.         0.         ... 0.         0.         0.        ]
  [0.         0.         0.         ... 0.         0.         0.        ]
  ...
  [0.         0.         0.         ... 0.         0.         0.        ]
  [0.         1.         0.         ... 0.         0.         0.        ]
  [0.         0.         0.         ... 0.         0.         0.        ]]

 [[0.         0.         0.         ... 0.         0.         0.        ]
  [0.         0.         0.         ... 0.         0.         0.        ]
  [0.         0.         0.         ... 0.         0.         0.        ]
  ...
  [0.         0.         0.         ... 0.         0.         0.        ]
  [0.         0.         0.         ... 0.         0.         0.        ]
  [0.         0.         0.         ... 0.         0.         0.        ]]]